5,2,60~5,4,60
2,8,48~2,8,49
5,0,298~5,3,298
4,4,170~4,7,170
3,6,23~5,6,23
8,5,279~8,7,279
0,1,151~3,1,151
0,0,259~0,0,262
3,9,263~5,9,263
6,7,70~6,8,70
2,7,150~2,8,150
7,9,284~9,9,284
5,5,65~6,5,65
6,0,54~6,0,55
0,7,41~2,7,41
5,7,155~5,9,155
4,4,244~6,4,244
2,0,234~2,2,234
2,5,68~2,5,68
6,4,25~8,4,25
2,4,197~2,4,199
2,3,57~2,6,57
9,3,171~9,6,171
7,0,26~9,0,26
6,2,7~6,4,7
1,4,3~3,4,3
1,8,40~3,8,40
3,6,190~3,6,190
8,5,217~8,6,217
9,0,38~9,2,38
3,1,188~3,3,188
0,3,182~4,3,182
7,3,202~7,4,202
7,4,233~7,4,233
2,2,138~3,2,138
2,7,200~4,7,200
4,2,62~6,2,62
4,4,17~4,6,17
3,6,143~5,6,143
8,5,126~8,5,128
4,2,140~4,5,140
0,1,35~0,2,35
5,7,71~5,9,71
7,0,174~7,0,176
4,2,5~4,6,5
8,5,79~8,6,79
4,7,68~6,7,68
2,0,155~2,0,157
1,3,37~1,4,37
8,9,194~9,9,194
1,3,173~1,5,173
7,4,99~7,7,99
7,3,270~7,4,270
7,5,275~9,5,275
0,5,115~1,5,115
5,6,208~5,8,208
7,8,277~7,9,277
3,3,151~3,3,152
0,1,49~0,1,49
6,2,213~6,4,213
7,0,12~9,0,12
3,2,238~3,2,241
6,5,315~8,5,315
7,3,299~9,3,299
5,0,131~7,0,131
6,5,103~6,8,103
1,8,172~3,8,172
7,1,297~7,3,297
4,0,303~4,3,303
3,0,59~3,2,59
5,5,125~8,5,125
1,7,255~1,7,255
2,9,52~5,9,52
4,1,180~7,1,180
8,5,218~9,5,218
0,5,50~0,7,50
4,4,274~4,6,274
2,7,50~2,9,50
0,0,110~0,3,110
2,1,171~4,1,171
4,6,67~4,6,69
0,3,276~3,3,276
1,3,218~1,4,218
3,8,175~3,8,178
7,4,66~7,6,66
0,2,261~2,2,261
6,5,332~6,5,335
3,3,205~5,3,205
6,8,53~6,8,55
6,6,133~9,6,133
5,0,276~7,0,276
7,3,60~7,5,60
2,8,161~3,8,161
5,0,263~6,0,263
7,5,79~7,5,81
3,7,110~3,9,110
3,9,337~6,9,337
5,0,279~5,2,279
1,5,166~2,5,166
8,5,153~8,8,153
4,4,298~4,6,298
9,3,192~9,6,192
8,2,318~8,5,318
1,2,155~3,2,155
1,3,327~4,3,327
1,3,55~1,6,55
4,3,284~4,3,286
1,6,77~1,6,77
2,4,52~2,6,52
5,2,155~7,2,155
6,0,351~6,3,351
2,0,216~2,2,216
1,6,151~3,6,151
1,5,112~1,8,112
2,1,163~2,3,163
7,1,58~8,1,58
1,0,335~1,3,335
7,4,75~9,4,75
1,2,195~3,2,195
7,4,77~7,6,77
9,4,149~9,6,149
7,1,130~7,1,133
3,2,233~3,2,236
8,9,4~9,9,4
5,5,165~5,7,165
4,9,266~4,9,268
9,5,30~9,6,30
3,5,104~5,5,104
6,3,258~6,6,258
3,3,346~3,5,346
2,8,335~4,8,335
4,5,63~7,5,63
5,2,272~8,2,272
5,6,15~7,6,15
1,9,221~3,9,221
7,3,112~8,3,112
0,8,43~3,8,43
5,1,336~5,3,336
1,3,172~1,6,172
6,5,260~9,5,260
1,4,315~2,4,315
8,6,137~8,9,137
1,0,259~3,0,259
3,3,118~6,3,118
1,6,199~1,7,199
0,2,196~1,2,196
2,3,144~2,5,144
1,6,60~2,6,60
0,9,310~3,9,310
6,2,345~6,4,345
7,3,110~7,5,110
5,5,158~7,5,158
6,5,328~8,5,328
4,1,315~4,3,315
9,5,78~9,6,78
9,4,193~9,5,193
0,4,241~0,7,241
2,7,144~3,7,144
6,7,57~8,7,57
7,3,328~8,3,328
4,5,253~4,8,253
6,6,130~6,9,130
6,6,10~6,8,10
0,4,35~0,6,35
7,8,279~8,8,279
4,2,252~4,6,252
1,0,131~3,0,131
7,9,132~7,9,134
2,3,149~2,4,149
1,4,93~3,4,93
3,7,17~5,7,17
3,8,32~5,8,32
4,4,80~7,4,80
5,4,343~5,4,345
6,4,181~6,5,181
2,5,89~4,5,89
9,4,230~9,6,230
5,9,261~7,9,261
4,5,225~6,5,225
4,5,349~6,5,349
2,1,168~2,1,170
4,0,41~4,2,41
3,4,95~3,4,97
3,1,4~3,3,4
0,1,107~2,1,107
0,3,94~0,5,94
2,2,168~5,2,168
7,6,52~9,6,52
0,5,161~2,5,161
0,7,178~0,8,178
7,4,157~7,7,157
3,0,354~5,0,354
2,3,223~2,3,225
1,4,158~1,7,158
6,8,315~9,8,315
0,2,43~2,2,43
1,5,127~1,6,127
6,2,177~8,2,177
8,0,15~8,0,18
2,3,178~4,3,178
2,1,167~3,1,167
6,6,339~6,6,342
7,5,5~8,5,5
1,2,158~3,2,158
0,0,4~0,3,4
9,5,74~9,8,74
6,5,194~8,5,194
9,3,27~9,3,27
4,1,217~6,1,217
9,5,20~9,6,20
1,3,356~3,3,356
0,0,277~0,3,277
5,2,89~6,2,89
5,6,169~5,9,169
3,2,230~3,5,230
5,3,15~7,3,15
6,5,54~6,7,54
1,6,303~1,8,303
4,2,126~4,3,126
1,9,49~1,9,51
5,5,251~5,6,251
5,6,201~5,9,201
5,4,152~8,4,152
4,8,157~6,8,157
4,4,206~7,4,206
8,5,269~8,8,269
8,0,55~8,2,55
9,7,116~9,8,116
5,2,296~5,5,296
4,9,260~4,9,262
1,8,176~1,8,178
0,6,229~0,7,229
1,6,145~1,8,145
6,9,192~8,9,192
2,9,270~3,9,270
4,4,8~4,4,11
5,2,225~8,2,225
4,0,227~4,4,227
3,7,124~4,7,124
4,3,192~4,5,192
8,5,142~8,7,142
3,5,301~3,8,301
0,3,324~2,3,324
2,5,95~2,7,95
8,3,239~8,4,239
5,1,66~5,3,66
2,6,123~5,6,123
4,7,161~4,9,161
4,9,311~7,9,311
5,2,214~6,2,214
3,2,161~3,2,161
3,9,136~5,9,136
3,7,355~5,7,355
4,8,336~4,9,336
3,1,222~3,3,222
2,8,213~4,8,213
6,0,80~7,0,80
3,1,87~3,3,87
4,6,290~6,6,290
4,2,121~6,2,121
5,5,354~7,5,354
6,5,60~6,7,60
4,8,180~6,8,180
3,4,259~5,4,259
4,2,320~4,4,320
1,6,74~3,6,74
2,1,109~2,2,109
3,2,299~3,5,299
7,6,17~9,6,17
5,4,253~5,6,253
9,0,140~9,2,140
2,2,148~2,4,148
2,4,100~4,4,100
5,3,26~7,3,26
4,2,224~4,3,224
1,2,146~1,4,146
7,1,156~9,1,156
1,0,12~2,0,12
3,3,65~3,4,65
6,5,310~8,5,310
1,3,213~1,5,213
3,0,331~3,2,331
5,2,297~5,3,297
4,3,91~6,3,91
0,7,231~1,7,231
5,2,117~5,5,117
1,8,7~3,8,7
1,0,28~3,0,28
7,9,48~9,9,48
3,4,50~3,4,50
7,0,59~7,2,59
4,4,283~4,7,283
0,5,220~0,6,220
0,0,152~0,1,152
6,1,42~6,1,44
0,2,157~0,2,158
1,3,74~3,3,74
7,4,286~7,8,286
4,9,35~6,9,35
0,8,236~0,9,236
2,7,345~2,9,345
8,0,14~8,2,14
5,7,159~5,9,159
3,7,8~6,7,8
4,5,181~4,7,181
9,0,15~9,2,15
6,3,17~6,3,20
8,7,329~8,9,329
8,4,149~8,6,149
4,7,330~6,7,330
6,0,39~6,3,39
0,1,257~0,3,257
6,4,280~6,7,280
2,0,152~2,2,152
3,7,302~3,9,302
0,5,131~0,5,133
6,4,69~8,4,69
2,3,65~2,6,65
5,4,306~5,6,306
4,5,234~5,5,234
1,6,156~1,8,156
4,6,63~6,6,63
8,8,237~8,9,237
8,4,351~8,6,351
1,5,296~3,5,296
9,0,224~9,3,224
0,6,171~2,6,171
2,8,147~4,8,147
4,1,25~4,3,25
7,4,106~7,4,109
4,1,212~6,1,212
3,2,338~3,3,338
3,6,227~6,6,227
4,2,120~7,2,120
4,4,176~4,5,176
0,0,258~0,3,258
1,5,142~1,6,142
5,3,267~6,3,267
0,0,248~1,0,248
8,5,276~8,5,276
7,5,201~7,7,201
0,4,129~0,7,129
7,5,73~7,5,73
0,1,229~0,4,229
2,3,26~2,5,26
8,0,4~8,2,4
0,1,61~1,1,61
5,7,212~6,7,212
5,7,247~8,7,247
3,5,193~3,8,193
1,9,27~4,9,27
9,7,190~9,7,191
3,4,63~5,4,63
0,5,242~0,8,242
6,8,216~7,8,216
6,6,107~6,6,109
5,4,216~7,4,216
1,3,302~4,3,302
6,4,176~6,4,177
6,4,67~8,4,67
2,9,258~5,9,258
5,0,170~5,2,170
6,4,268~8,4,268
7,4,49~7,6,49
6,6,257~6,7,257
7,7,14~8,7,14
7,1,222~9,1,222
4,0,149~4,3,149
1,8,121~3,8,121
1,0,71~1,2,71
9,8,232~9,9,232
2,0,301~2,2,301
5,5,62~6,5,62
2,6,1~3,6,1
5,0,150~7,0,150
1,8,118~3,8,118
8,1,329~8,3,329
8,2,146~8,4,146
6,5,329~8,5,329
6,9,140~9,9,140
8,6,48~9,6,48
4,6,314~7,6,314
0,6,18~1,6,18
0,0,188~0,1,188
1,6,141~1,8,141
9,1,161~9,1,164
1,7,312~3,7,312
6,8,72~6,9,72
8,1,273~8,3,273
5,4,230~8,4,230
1,5,190~4,5,190
7,8,141~9,8,141
0,2,329~2,2,329
1,9,172~3,9,172
8,0,227~9,0,227
0,4,34~2,4,34
0,3,10~3,3,10
9,1,111~9,2,111
6,6,277~8,6,277
3,9,55~3,9,57
8,6,343~8,7,343
3,7,22~5,7,22
1,6,23~1,6,25
8,7,326~8,8,326
3,6,282~5,6,282
2,4,32~4,4,32
9,3,114~9,5,114
2,3,172~5,3,172
7,4,142~7,6,142
0,4,69~0,4,71
8,0,24~8,1,24
6,5,228~8,5,228
6,0,260~6,3,260
4,4,147~5,4,147
0,2,58~0,4,58
1,1,328~4,1,328
7,7,259~7,8,259
8,4,219~8,5,219
5,8,267~7,8,267
9,8,2~9,9,2
1,8,306~1,8,308
0,2,3~2,2,3
4,6,208~4,8,208
5,1,86~5,3,86
4,2,193~6,2,193
5,7,98~7,7,98
7,4,117~7,6,117
7,6,168~9,6,168
1,2,57~2,2,57
5,6,349~5,9,349
8,4,195~9,4,195
0,3,331~2,3,331
5,1,316~5,4,316
6,6,278~6,8,278
5,7,260~5,7,262
9,7,270~9,9,270
0,8,143~0,9,143
8,1,142~9,1,142
0,1,190~1,1,190
0,7,343~3,7,343
3,8,116~3,9,116
5,0,222~8,0,222
0,3,54~3,3,54
1,1,52~1,3,52
4,0,352~6,0,352
6,5,321~8,5,321
0,4,101~3,4,101
9,5,205~9,7,205
5,6,42~8,6,42
2,2,243~4,2,243
4,2,138~4,3,138
1,6,30~1,8,30
6,2,283~6,4,283
7,6,272~9,6,272
1,4,273~1,4,276
2,5,157~5,5,157
5,5,231~8,5,231
3,7,267~3,9,267
5,7,289~7,7,289
9,6,109~9,8,109
6,4,264~6,6,264
7,1,316~7,2,316
0,3,260~0,3,262
9,8,3~9,9,3
3,5,57~3,7,57
2,0,194~3,0,194
5,8,247~6,8,247
2,7,24~2,9,24
4,5,352~5,5,352
8,0,42~8,2,42
5,5,304~5,7,304
2,3,183~2,3,185
5,3,32~7,3,32
3,4,47~5,4,47
0,3,254~2,3,254
8,2,327~8,4,327
4,9,218~5,9,218
6,0,20~8,0,20
1,0,159~1,2,159
6,6,43~8,6,43
4,2,106~7,2,106
7,0,129~7,3,129
5,1,116~8,1,116
5,8,245~6,8,245
4,8,256~5,8,256
4,6,204~4,6,207
2,2,92~2,2,92
2,9,167~4,9,167
7,0,281~8,0,281
0,7,202~2,7,202
4,1,316~4,3,316
3,5,249~5,5,249
1,1,3~4,1,3
8,1,186~8,5,186
7,5,139~7,8,139
7,4,298~9,4,298
3,8,179~6,8,179
6,2,115~6,5,115
9,1,225~9,1,228
0,8,60~0,8,62
7,1,224~7,4,224
2,7,14~4,7,14
7,7,212~7,9,212
7,8,15~8,8,15
6,5,22~9,5,22
4,1,80~4,1,81
9,1,306~9,3,306
5,0,53~7,0,53
9,2,7~9,5,7
3,3,225~3,5,225
3,3,256~3,5,256
4,6,179~4,6,179
2,4,294~2,7,294
6,6,160~6,8,160
1,1,181~1,2,181
0,4,223~0,6,223
9,2,137~9,4,137
4,4,222~4,7,222
4,6,144~6,6,144
1,1,104~1,4,104
5,8,163~8,8,163
5,1,31~5,2,31
1,4,200~1,6,200
0,4,214~0,7,214
7,7,160~7,9,160
8,7,194~9,7,194
5,4,338~8,4,338
8,1,158~8,1,160
2,8,308~4,8,308
8,7,155~8,7,155
6,1,150~6,5,150
8,6,281~8,8,281
8,2,189~8,3,189
5,9,75~7,9,75
0,6,175~0,6,176
4,6,51~6,6,51
5,6,134~5,7,134
3,0,128~3,2,128
6,7,264~6,9,264
3,7,303~3,7,306
3,7,152~6,7,152
1,8,346~3,8,346
4,6,167~4,8,167
2,6,314~2,9,314
6,4,349~7,4,349
0,4,63~0,5,63
4,3,86~4,5,86
0,3,7~0,4,7
5,6,6~9,6,6
6,5,263~9,5,263
1,8,311~3,8,311
0,7,15~2,7,15
5,1,175~5,1,177
5,4,131~8,4,131
5,9,268~7,9,268
2,2,23~2,4,23
1,5,203~1,5,205
6,1,281~6,3,281
3,7,164~4,7,164
5,0,172~8,0,172
1,2,70~3,2,70
1,0,133~1,1,133
4,5,39~7,5,39
4,6,202~4,8,202
4,0,337~4,2,337
8,1,211~9,1,211
4,2,323~6,2,323
8,6,216~8,8,216
3,7,218~3,9,218
2,3,146~3,3,146
0,3,49~0,5,49
1,2,353~1,5,353
6,3,12~6,3,14
8,0,148~8,2,148
4,2,206~4,3,206
3,6,244~7,6,244
4,2,313~7,2,313
5,7,258~8,7,258
4,9,170~4,9,172
1,5,81~1,6,81
4,5,121~4,8,121
4,0,7~4,2,7
5,8,242~6,8,242
8,2,30~9,2,30
3,4,270~3,6,270
5,8,8~7,8,8
5,9,33~7,9,33
2,6,317~2,8,317
1,3,17~1,4,17
4,8,310~5,8,310
2,9,348~2,9,350
1,0,247~4,0,247
7,0,168~7,2,168
1,7,301~2,7,301
6,1,3~6,3,3
5,0,75~5,1,75
5,7,203~7,7,203
2,6,173~2,6,173
0,6,127~0,7,127
9,6,112~9,6,116
1,0,134~1,2,134
7,6,231~8,6,231
5,8,308~5,9,308
4,2,167~7,2,167
1,9,265~4,9,265
2,4,347~3,4,347
1,6,49~4,6,49
1,7,254~1,8,254
3,1,84~5,1,84
6,1,279~8,1,279
5,3,67~5,6,67
0,4,360~2,4,360
9,7,2~9,7,2
7,7,144~7,8,144
2,5,355~3,5,355
0,9,77~0,9,78
4,6,65~4,7,65
2,6,318~2,7,318
3,3,187~3,6,187
4,4,55~7,4,55
5,4,128~5,5,128
6,6,162~6,8,162
3,9,261~3,9,261
7,3,296~7,5,296
0,2,7~2,2,7
7,2,53~9,2,53
2,5,163~2,7,163
5,8,49~7,8,49
3,4,340~5,4,340
6,1,122~7,1,122
4,2,139~7,2,139
9,2,283~9,3,283
3,6,272~5,6,272
4,8,295~6,8,295
5,2,209~5,4,209
4,4,3~4,5,3
8,1,179~8,2,179
1,3,216~1,5,216
0,5,233~0,8,233
5,4,293~5,6,293
8,7,168~8,7,168
4,7,157~4,7,158
6,1,119~8,1,119
4,1,92~7,1,92
5,4,243~5,7,243
5,2,148~7,2,148
2,6,217~4,6,217
6,6,192~8,6,192
2,5,149~5,5,149
0,9,76~2,9,76
7,5,265~8,5,265
4,6,285~4,8,285
6,3,214~6,5,214
0,8,55~1,8,55
6,0,324~6,2,324
6,2,271~8,2,271
2,2,89~4,2,89
3,3,60~4,3,60
1,8,51~4,8,51
3,6,274~3,6,275
6,6,316~8,6,316
0,1,200~0,3,200
5,1,6~5,2,6
0,1,23~2,1,23
8,2,137~8,4,137
9,3,310~9,4,310
7,4,41~7,6,41
3,1,217~3,1,220
4,4,6~4,6,6
3,5,58~3,7,58
2,2,304~2,4,304
4,4,225~6,4,225
2,5,354~2,8,354
9,4,28~9,6,28
7,2,300~8,2,300
1,7,64~3,7,64
6,6,27~7,6,27
5,5,267~6,5,267
5,5,132~5,8,132
2,1,324~4,1,324
0,0,279~0,3,279
3,7,352~6,7,352
6,8,174~8,8,174
3,3,278~4,3,278
5,9,202~6,9,202
0,2,231~1,2,231
9,3,111~9,5,111
8,3,159~8,3,161
1,8,170~1,8,170
7,0,331~7,1,331
9,3,33~9,6,33
2,1,65~5,1,65
4,7,197~4,8,197
6,7,15~6,8,15
2,0,220~2,3,220
5,7,292~5,9,292
2,8,5~4,8,5
9,3,280~9,5,280
5,4,120~5,8,120
9,1,246~9,1,248
3,8,196~6,8,196
7,7,176~9,7,176
7,5,85~7,8,85
5,7,211~8,7,211
5,2,348~7,2,348
1,7,339~3,7,339
3,1,125~6,1,125
6,5,136~6,7,136
3,6,52~3,6,54
1,3,281~4,3,281
6,9,330~8,9,330
8,0,1~8,1,1
4,7,154~7,7,154
1,0,168~4,0,168
5,6,20~5,8,20
7,4,4~9,4,4
8,0,219~9,0,219
1,7,194~3,7,194
0,5,3~0,8,3
4,5,8~6,5,8
4,2,215~4,6,215
2,0,26~2,1,26
5,4,317~5,5,317
3,3,200~7,3,200
7,2,303~9,2,303
3,7,340~5,7,340
7,2,197~7,5,197
7,0,218~9,0,218
0,1,62~0,3,62
2,2,190~4,2,190
6,1,272~6,1,276
7,0,225~7,0,226
7,7,48~9,7,48
5,4,353~7,4,353
8,2,164~8,4,164
3,3,159~3,6,159
3,5,113~3,7,113
1,4,359~3,4,359
6,0,216~9,0,216
5,3,29~5,5,29
7,2,349~9,2,349
0,2,159~0,2,161
6,6,13~6,8,13
6,7,18~8,7,18
2,3,222~2,5,222
6,5,204~6,6,204
6,0,132~8,0,132
1,5,277~3,5,277
7,6,313~9,6,313
5,2,5~9,2,5
6,7,166~7,7,166
2,0,68~3,0,68
4,4,355~4,6,355
3,7,284~4,7,284
6,3,89~6,5,89
5,3,69~5,6,69
1,5,83~1,6,83
0,4,107~2,4,107
1,9,120~3,9,120
9,5,106~9,7,106
4,3,300~4,6,300
1,3,357~1,5,357
8,0,174~9,0,174
2,3,230~2,4,230
3,6,150~3,8,150
0,8,56~0,8,58
9,1,159~9,3,159
3,2,250~4,2,250
6,9,170~7,9,170
3,5,252~3,7,252
5,5,356~7,5,356
1,8,70~3,8,70
5,4,254~5,6,254
5,0,119~7,0,119
4,0,148~6,0,148
2,1,214~4,1,214
5,0,9~5,1,9
6,6,206~6,6,209
8,5,83~8,6,83
6,6,229~9,6,229
1,4,209~1,6,209
2,4,179~2,6,179
2,6,308~2,6,310
5,4,31~7,4,31
4,1,234~4,3,234
2,6,36~2,8,36
6,8,52~6,8,52
6,4,92~8,4,92
5,3,353~7,3,353
1,1,21~3,1,21
3,7,67~3,7,68
6,0,2~6,0,5
4,9,163~4,9,164
9,0,307~9,3,307
2,1,252~3,1,252
5,0,67~5,2,67
9,2,272~9,5,272
7,6,190~7,9,190
5,3,79~7,3,79
4,6,303~6,6,303
6,7,327~8,7,327
1,1,173~3,1,173
7,7,6~7,9,6
4,0,117~7,0,117
8,1,15~8,3,15
9,1,50~9,4,50
6,5,179~7,5,179
9,4,183~9,7,183
1,4,312~1,6,312
1,2,179~1,5,179
0,2,282~0,5,282
4,1,109~4,3,109
9,4,140~9,5,140
7,6,46~7,8,46
6,3,78~6,5,78
5,9,295~7,9,295
4,5,11~4,5,14
5,8,182~7,8,182
8,1,128~8,1,129
0,1,47~0,4,47
5,2,124~8,2,124
2,7,74~2,9,74
3,7,48~6,7,48
3,0,141~3,0,143
4,1,112~4,1,114
5,0,114~5,2,114
5,2,109~6,2,109
5,7,99~5,7,101
7,2,222~9,2,222
2,3,206~2,3,209
2,8,312~2,9,312
5,3,48~5,5,48
6,4,202~6,5,202
3,4,34~3,8,34
1,8,26~2,8,26
9,7,144~9,7,145
5,0,142~5,0,144
3,8,74~5,8,74
0,6,6~0,8,6
0,1,323~2,1,323
1,9,269~2,9,269
0,9,169~3,9,169
2,1,68~2,2,68
4,5,152~6,5,152
3,1,230~5,1,230
6,6,106~8,6,106
2,0,159~5,0,159
9,8,110~9,8,113
8,8,332~9,8,332
1,5,195~3,5,195
4,9,38~6,9,38
6,6,240~8,6,240
2,4,229~4,4,229
6,7,252~6,7,253
5,4,97~5,7,97
3,3,135~5,3,135
2,6,25~4,6,25
3,3,120~5,3,120
5,0,233~5,1,233
8,3,3~8,3,5
0,2,284~0,2,286
0,9,290~2,9,290
2,0,11~2,1,11
3,3,335~3,3,335
4,4,33~4,6,33
9,5,146~9,7,146
5,7,164~7,7,164
0,4,179~0,6,179
1,1,250~4,1,250
7,8,73~7,8,74
1,2,49~3,2,49
0,8,175~0,9,175
0,9,151~3,9,151
3,6,35~3,8,35
0,8,142~2,8,142
8,1,348~8,4,348
6,0,79~6,2,79
9,6,317~9,8,317
0,7,298~2,7,298
1,5,174~1,7,174
0,7,302~0,9,302
5,5,129~5,7,129
5,7,187~7,7,187
0,1,180~0,1,183
3,5,197~6,5,197
4,5,193~6,5,193
8,9,138~9,9,138
6,9,3~6,9,5
3,2,3~5,2,3
1,5,212~4,5,212
1,1,251~3,1,251
3,6,220~5,6,220
8,3,341~8,6,341
2,1,321~2,3,321
9,2,313~9,4,313
8,7,178~8,9,178
4,1,123~4,2,123
2,0,245~2,2,245
7,2,135~9,2,135
9,1,147~9,1,149
0,5,52~0,6,52
8,4,157~8,7,157
0,1,154~0,3,154
0,0,6~1,0,6
2,5,90~2,5,92
7,6,13~7,9,13
5,7,249~6,7,249
2,0,332~4,0,332
9,3,170~9,5,170
6,2,170~6,4,170
4,2,165~4,3,165
7,6,183~7,7,183
7,9,167~9,9,167
1,3,15~4,3,15
0,5,351~3,5,351
1,7,72~3,7,72
7,8,70~9,8,70
2,7,319~2,9,319
1,3,257~1,4,257
6,9,165~8,9,165
0,4,272~2,4,272
3,4,91~3,6,91
7,6,176~7,6,179
3,3,221~5,3,221
8,4,328~9,4,328
3,1,154~5,1,154
7,3,241~9,3,241
2,2,264~3,2,264
7,1,105~7,2,105
4,8,29~4,9,29
3,7,286~3,9,286
4,0,335~4,2,335
6,2,37~6,4,37
0,1,32~0,3,32
1,3,32~3,3,32
5,6,13~5,8,13
3,9,215~7,9,215
1,1,306~3,1,306
2,7,187~3,7,187
0,7,53~0,9,53
4,2,232~4,4,232
8,2,134~8,5,134
6,8,256~8,8,256
6,2,176~8,2,176
5,6,167~7,6,167
1,1,55~1,2,55
3,5,42~6,5,42
4,5,133~4,7,133
0,6,79~2,6,79
4,1,78~6,1,78
4,2,255~4,2,257
5,0,278~7,0,278
1,1,26~1,1,29
4,4,228~6,4,228
5,5,202~5,7,202
5,4,143~8,4,143
0,6,174~0,8,174
9,6,134~9,6,135
6,0,40~8,0,40
2,5,3~2,5,4
0,0,113~0,2,113
4,5,173~4,7,173
0,3,29~3,3,29
4,0,301~4,3,301
0,8,202~2,8,202
0,2,199~0,4,199
3,0,64~3,0,66
2,8,224~3,8,224
0,4,61~0,4,61
9,0,160~9,2,160
6,1,157~7,1,157
9,5,185~9,5,187
1,5,2~1,5,3
9,3,242~9,6,242
1,5,206~1,7,206
0,9,30~2,9,30
0,4,104~0,5,104
6,9,263~8,9,263
0,1,177~0,3,177
4,1,68~4,1,71
1,8,148~1,8,151
6,5,293~6,7,293
4,8,133~6,8,133
6,9,131~9,9,131
8,3,149~9,3,149
2,5,268~5,5,268
1,7,235~1,8,235
3,3,333~6,3,333
8,6,46~8,9,46
8,0,328~8,2,328
2,5,349~3,5,349
5,1,30~5,3,30
1,6,71~1,6,72
6,0,174~6,2,174
4,0,329~7,0,329
3,5,353~3,6,353
1,5,250~3,5,250
8,5,267~8,7,267
6,4,320~9,4,320
1,4,38~1,7,38
9,5,314~9,8,314
6,5,114~8,5,114
3,0,326~3,1,326
4,2,247~4,4,247
6,2,246~6,5,246
7,7,172~7,9,172
6,1,331~6,3,331
2,4,271~2,6,271
6,8,136~9,8,136
6,5,124~6,8,124
0,1,163~0,3,163
2,5,308~4,5,308
4,5,137~4,7,137
4,8,127~6,8,127
1,0,70~4,0,70
9,2,1~9,3,1
0,4,52~0,4,55
3,7,184~5,7,184
2,6,273~2,6,273
9,5,189~9,7,189
3,0,166~3,0,167
9,4,77~9,5,77
6,6,219~6,8,219
0,4,67~2,4,67
2,1,141~2,4,141
7,0,58~8,0,58
7,0,7~9,0,7
9,4,221~9,8,221
5,1,89~8,1,89
6,6,212~9,6,212
3,2,90~6,2,90
2,6,38~2,9,38
4,1,347~4,4,347
2,4,147~2,6,147
1,6,234~1,9,234
6,3,346~6,5,346
0,9,268~2,9,268
0,0,46~0,3,46
3,8,305~5,8,305
5,9,166~7,9,166
3,0,164~3,2,164
1,6,167~1,8,167
8,4,274~8,8,274
5,6,44~5,6,44
8,7,49~8,8,49
8,7,71~8,9,71
7,0,324~7,1,324
1,0,249~1,0,252
2,2,170~2,4,170
2,2,46~2,2,46
6,5,199~8,5,199
8,7,265~8,9,265
2,5,236~4,5,236
1,2,318~4,2,318
2,3,203~3,3,203
5,8,134~5,9,134
7,9,191~9,9,191
4,2,20~5,2,20
9,5,196~9,5,198
2,6,290~2,6,291
2,8,222~4,8,222
0,7,301~0,8,301
8,1,78~8,4,78
4,2,329~6,2,329
2,0,340~4,0,340
9,1,105~9,3,105
5,4,274~5,6,274
8,0,9~8,2,9
3,6,45~3,8,45
8,1,144~9,1,144
5,1,126~8,1,126
0,5,67~0,5,67
0,5,167~1,5,167
8,4,273~8,6,273
6,2,268~8,2,268
6,9,288~8,9,288
4,8,297~4,8,298
1,4,58~2,4,58
9,6,267~9,9,267
5,2,34~5,4,34
6,6,232~6,8,232
0,3,111~0,3,113
2,7,11~5,7,11
7,6,181~9,6,181
4,4,342~7,4,342
8,6,187~8,8,187
2,2,232~2,3,232
1,2,145~3,2,145
3,0,63~3,3,63
0,3,328~2,3,328
0,0,221~2,0,221
4,8,156~6,8,156
3,7,136~4,7,136
3,4,344~4,4,344
7,1,18~9,1,18
9,3,25~9,5,25
3,4,6~3,5,6
9,3,264~9,6,264
9,1,29~9,3,29
3,3,273~3,5,273
5,2,18~5,4,18
2,3,255~4,3,255
6,8,233~7,8,233
5,2,146~5,5,146
0,3,175~2,3,175
0,1,184~0,1,186
9,3,267~9,3,268
3,8,288~3,8,291
9,3,279~9,5,279
9,6,280~9,6,282
5,6,241~5,8,241
5,9,269~7,9,269
2,0,195~4,0,195
9,0,108~9,2,108
3,9,5~4,9,5
9,5,72~9,8,72
4,0,229~4,2,229
1,1,65~1,3,65
0,9,176~3,9,176
7,7,237~8,7,237
9,1,351~9,2,351
5,3,132~7,3,132
9,0,114~9,0,117
5,4,57~7,4,57
3,3,330~3,6,330
7,2,133~7,5,133
1,7,83~4,7,83
3,3,155~3,6,155
4,6,242~7,6,242
1,1,304~1,4,304
1,3,221~1,4,221
2,5,177~2,8,177
2,0,138~5,0,138
8,0,188~8,1,188
5,0,173~5,1,173
1,6,168~3,6,168
2,4,307~2,6,307
0,8,180~2,8,180
2,6,198~5,6,198
6,3,352~6,5,352
4,4,186~4,7,186
3,1,73~5,1,73
7,7,272~7,9,272
8,2,32~8,3,32
1,1,19~1,3,19
9,7,223~9,8,223
4,5,10~6,5,10
6,5,307~6,7,307
5,6,237~8,6,237
5,0,177~8,0,177
1,3,177~1,5,177
0,0,9~2,0,9
6,4,53~6,6,53
2,5,81~2,7,81
3,5,313~3,8,313
7,8,175~9,8,175
2,2,193~2,4,193
6,5,324~8,5,324
1,0,59~1,2,59
7,6,330~9,6,330
2,9,149~3,9,149
1,8,2~3,8,2
1,7,71~3,7,71
3,7,245~5,7,245
0,5,60~2,5,60
5,0,50~5,3,50
6,7,255~6,9,255
0,7,54~0,7,54
5,3,321~9,3,321
2,1,142~2,2,142
9,9,271~9,9,271
4,4,83~6,4,83
1,5,251~1,7,251
2,5,220~2,8,220
8,0,230~8,1,230
6,5,305~6,6,305
4,3,19~4,5,19
4,8,48~7,8,48
0,6,312~0,9,312
6,7,172~6,9,172
1,0,15~1,0,17
2,7,146~2,9,146
6,9,296~6,9,297
3,1,249~3,4,249
9,4,73~9,7,73
1,7,111~3,7,111
2,9,303~4,9,303
0,2,37~3,2,37
2,0,304~2,0,305
1,1,320~1,2,320
5,0,146~6,0,146
5,2,233~5,3,233
4,8,116~4,8,118
0,8,28~2,8,28
0,6,21~2,6,21
6,3,232~6,5,232
3,6,332~3,8,332
1,7,47~1,9,47
3,1,57~3,3,57
1,2,269~2,2,269
8,5,80~8,7,80
1,4,222~1,4,224
3,5,184~4,5,184
0,5,17~0,7,17
3,2,73~3,5,73
0,1,327~0,4,327
8,2,331~8,3,331
2,4,276~2,6,276
7,4,112~7,7,112
0,8,158~3,8,158
5,0,326~5,2,326
6,2,228~9,2,228
6,2,179~6,4,179
2,6,67~2,9,67
2,1,213~4,1,213
3,1,111~5,1,111
5,6,163~8,6,163
6,1,299~8,1,299
7,7,330~7,8,330
6,4,350~6,7,350
5,5,98~5,5,101
6,4,81~6,6,81
7,2,23~7,5,23
9,7,167~9,7,167
0,2,68~0,4,68
7,7,165~9,7,165
3,4,246~3,7,246
8,8,74~8,8,74
4,1,269~6,1,269
2,3,233~2,6,233
6,5,314~8,5,314
8,1,223~8,1,226
7,1,56~7,2,56
1,5,310~1,8,310
8,5,184~8,7,184
8,5,158~8,5,160
6,1,47~9,1,47
4,9,30~6,9,30
8,5,325~8,7,325
8,5,108~9,5,108
3,1,344~3,2,344
7,7,72~7,8,72
1,1,157~3,1,157
7,4,333~7,6,333
4,8,211~4,9,211
2,3,252~3,3,252
6,4,24~6,6,24
2,7,25~2,7,28
4,0,153~7,0,153
5,6,240~5,7,240
7,7,275~7,9,275
6,9,266~8,9,266
5,4,247~5,4,249
0,4,227~0,6,227
7,8,332~7,9,332
9,6,185~9,7,185
4,1,110~5,1,110
0,5,18~0,5,21
2,9,306~2,9,307
1,5,201~1,8,201
8,0,21~8,0,21
1,6,299~3,6,299
6,5,76~8,5,76
0,5,239~0,8,239
4,7,34~4,9,34
7,5,174~7,7,174
1,0,63~1,2,63
1,7,173~1,8,173
6,4,86~6,7,86
6,5,216~9,5,216
6,0,213~6,1,213
4,5,45~4,7,45
7,7,10~7,8,10
3,6,141~3,7,141
1,2,40~4,2,40
2,2,162~4,2,162
0,6,125~2,6,125
8,3,236~8,5,236
1,7,224~1,9,224
0,2,355~2,2,355
7,8,215~9,8,215
1,9,2~3,9,2
5,1,232~5,3,232
0,6,217~1,6,217
7,1,51~9,1,51
2,8,33~3,8,33
3,4,58~5,4,58
6,5,135~6,6,135
6,2,263~6,2,263
5,0,140~5,2,140
7,2,103~7,4,103
4,2,331~4,2,332
9,1,243~9,3,243
8,2,34~8,3,34
2,0,255~2,1,255
5,6,281~7,6,281
8,2,286~9,2,286
6,1,220~6,1,223
1,2,333~3,2,333
5,4,173~7,4,173
9,4,169~9,6,169
7,2,312~7,6,312
3,6,293~3,8,293
7,5,151~8,5,151
6,9,177~7,9,177
3,6,356~3,6,356
7,7,20~9,7,20
8,5,234~8,8,234
1,6,70~3,6,70
2,1,112~2,4,112
2,6,287~5,6,287
3,9,117~3,9,119
5,9,162~7,9,162
1,2,12~1,4,12
2,0,237~2,0,239
8,1,166~8,3,166
0,2,266~2,2,266
4,2,44~4,2,44
7,6,67~7,8,67
0,4,29~2,4,29
5,3,346~5,6,346
6,0,279~9,0,279
1,3,90~4,3,90
8,6,54~8,6,56
3,0,162~5,0,162
6,4,266~6,5,266
6,3,9~6,5,9
0,6,302~2,6,302
5,5,134~6,5,134
7,2,324~9,2,324
4,1,43~4,1,46
7,0,219~7,3,219
7,3,61~7,3,64
4,5,36~4,7,36
1,8,153~4,8,153
5,6,5~5,8,5
6,1,95~8,1,95
4,5,224~4,7,224
1,4,180~1,5,180
2,9,152~4,9,152
3,1,149~3,4,149
8,5,346~8,8,346
1,7,138~3,7,138
0,7,18~0,9,18
9,0,157~9,0,159
2,3,259~5,3,259
3,7,333~3,7,337
2,6,175~2,8,175
6,4,211~6,5,211
7,4,84~7,6,84
3,0,197~5,0,197
6,4,336~6,6,336
2,6,297~2,8,297
8,9,286~8,9,286
0,5,225~0,7,225
8,7,282~8,8,282
5,7,251~5,7,253
7,5,143~7,5,146
8,1,213~8,3,213
2,6,63~2,9,63
0,3,93~1,3,93
5,4,205~5,6,205
3,0,343~3,2,343
7,1,4~7,3,4
7,8,218~7,8,218
0,4,313~0,7,313
7,1,26~7,2,26
9,6,105~9,9,105
9,5,284~9,7,284
5,8,122~7,8,122
7,7,141~9,7,141
6,0,111~9,0,111
6,4,102~6,6,102
0,3,16~1,3,16
2,3,218~4,3,218
3,0,139~3,2,139
4,9,256~6,9,256
3,0,137~3,3,137
0,4,212~1,4,212
4,3,111~4,3,113
1,0,258~4,0,258
4,0,236~4,1,236
4,6,229~5,6,229
1,7,134~4,7,134
3,0,191~3,2,191
6,4,100~9,4,100
4,0,22~6,0,22
0,9,21~3,9,21
6,1,266~6,3,266
9,5,215~9,7,215
8,6,158~8,7,158
3,3,208~3,4,208
5,2,35~7,2,35
2,7,3~5,7,3
2,0,222~3,0,222
7,0,323~7,3,323
4,5,295~7,5,295
7,5,202~9,5,202
1,0,329~3,0,329
7,6,283~7,9,283
9,5,231~9,8,231
4,6,176~4,8,176
9,4,269~9,7,269
2,5,29~2,5,30
7,6,328~8,6,328
2,4,152~2,4,154
1,1,94~1,3,94
9,3,103~9,6,103
2,4,194~5,4,194
1,0,183~1,3,183
6,5,154~6,5,157
7,5,334~7,5,336
3,5,297~3,5,297
6,3,151~9,3,151
5,4,95~7,4,95
0,7,315~0,9,315
0,2,66~0,5,66
3,3,46~3,6,46
9,2,36~9,3,36
2,1,236~3,1,236
1,3,22~2,3,22
6,0,156~9,0,156
5,9,174~7,9,174
7,5,70~7,7,70
3,2,280~3,5,280
1,9,287~4,9,287
9,5,278~9,8,278
0,8,45~2,8,45
7,4,345~8,4,345
1,1,155~2,1,155
2,2,300~3,2,300
7,0,275~7,3,275
2,7,126~4,7,126
7,1,154~7,3,154
2,8,113~4,8,113
1,4,66~2,4,66
5,3,156~8,3,156
1,6,196~3,6,196
1,4,313~1,5,313
1,4,152~1,6,152
7,3,3~7,7,3
2,6,209~4,6,209
7,7,11~7,9,11
4,4,136~4,6,136
4,5,178~6,5,178
5,1,209~9,1,209
0,2,15~2,2,15
8,8,164~9,8,164
3,5,107~3,7,107
7,7,175~8,7,175
4,7,130~4,9,130
3,1,23~6,1,23
6,1,208~6,4,208
0,8,164~3,8,164
9,2,141~9,2,141
